0 -1.99 -3.96 -5.91 -7.84 -9.75 -11.64 -13.51 -15.36 -17.19 -19 -20.79 -22.56 -24.31 -26.04 -27.75 -29.44 -31.11 -32.76 -34.39 -36 -37.59 -39.16 -40.71 -42.24 -43.75 -45.24 -46.71 -48.16 -49.59 -51 -52.39 -53.76 -55.11 -56.44 -57.75 -59.04 -60.31 -61.56 -62.79 -64 -65.19 -66.36 -67.51 -68.64 -69.75 -70.84 -71.91 -72.96 -73.99 -75 -75.99 -76.96 -77.91 -78.84 -79.75 -80.64 -81.51 -82.36 -83.19 -84 -84.79 -85.56 -86.31 -87.04 -87.75 -88.44 -89.11 -89.76 -90.39 -91 -91.59 -92.16 -92.71 -93.24 -93.75 -94.24 -94.71 -95.16 -95.59 -96 -96.39 -96.76 -97.11 -97.44 -97.75 -98.04 -98.31 -98.56 -98.79 -99 -99.19 -99.36 -99.51 -99.64 -99.75 -99.84 -99.91 -99.96 -99.99 -100 -99.99 -99.96 -99.91 -99.84 -99.75 -99.64 -99.51 -99.36 -99.19 -99 -98.79 -98.56 -98.31 -98.04 -97.75 -97.44 -97.11 -96.76 -96.39 -96 -95.59 -95.16 -94.71 -94.24 -93.75 -93.24 -92.71 -92.16 -91.59 -91 -90.39 -89.76 -89.11 -88.44 -87.75 -87.04 -86.31 -85.56 -84.79 -84 -83.19 -82.36 -81.51 -80.64 -79.75 -78.84 -77.91 -76.96 -75.99 -75 -73.99 -72.96 -71.91 -70.84 -69.75 -68.64 -67.51 -66.36 -65.19 -64 -62.79 -61.56 -60.31 -59.04 -57.75 -56.44 -55.11 -53.76 -52.39 -51 -49.59 -48.16 -46.71 -45.24 -43.75 -42.24 -40.71 -39.16 -37.59 -36 -34.39 -32.76 -31.11 -29.44 -27.75 -26.04 -24.31 -22.56 -20.79 -19 -17.19 -15.36 -13.51 -11.64 -9.75 -7.84 -5.91 -3.96 -1.99 
1.99 0 -1.97 -3.92 -5.85 -7.76 -9.65 -11.52 -13.37 -15.2 -17.01 -18.8 -20.57 -22.32 -24.05 -25.76 -27.45 -29.12 -30.77 -32.4 -34.01 -35.6 -37.17 -38.72 -40.25 -41.76 -43.25 -44.72 -46.17 -47.6 -49.01 -50.4 -51.77 -53.12 -54.45 -55.76 -57.05 -58.32 -59.57 -60.8 -62.01 -63.2 -64.37 -65.52 -66.65 -67.76 -68.85 -69.92 -70.97 -72 -73.01 -74 -74.97 -75.92 -76.85 -77.76 -78.65 -79.52 -80.37 -81.2 -82.01 -82.8 -83.57 -84.32 -85.05 -85.76 -86.45 -87.12 -87.77 -88.4 -89.01 -89.6 -90.17 -90.72 -91.25 -91.76 -92.25 -92.72 -93.17 -93.6 -94.01 -94.4 -94.77 -95.12 -95.45 -95.76 -96.05 -96.32 -96.57 -96.8 -97.01 -97.2 -97.37 -97.52 -97.65 -97.76 -97.85 -97.92 -97.97 -98 -98.01 -98 -97.97 -97.92 -97.85 -97.76 -97.65 -97.52 -97.37 -97.2 -97.01 -96.8 -96.57 -96.32 -96.05 -95.76 -95.45 -95.12 -94.77 -94.4 -94.01 -93.6 -93.17 -92.72 -92.25 -91.76 -91.25 -90.72 -90.17 -89.6 -89.01 -88.4 -87.77 -87.12 -86.45 -85.76 -85.05 -84.32 -83.57 -82.8 -82.01 -81.2 -80.37 -79.52 -78.65 -77.76 -76.85 -75.92 -74.97 -74 -73.01 -72 -70.97 -69.92 -68.85 -67.76 -66.65 -65.52 -64.37 -63.2 -62.01 -60.8 -59.57 -58.32 -57.05 -55.76 -54.45 -53.12 -51.77 -50.4 -49.01 -47.6 -46.17 -44.72 -43.25 -41.76 -40.25 -38.72 -37.17 -35.6 -34.01 -32.4 -30.77 -29.12 -27.45 -25.76 -24.05 -22.32 -20.57 -18.8 -17.01 -15.2 -13.37 -11.52 -9.65 -7.76 -5.85 -3.92 -1.97 0 
3.96 1.97 0 -1.95 -3.88 -5.79 -7.68 -9.55 -11.4 -13.23 -15.04 -16.83 -18.6 -20.35 -22.08 -23.79 -25.48 -27.15 -28.8 -30.43 -32.04 -33.63 -35.2 -36.75 -38.28 -39.79 -41.28 -42.75 -44.2 -45.63 -47.04 -48.43 -49.8 -51.15 -52.48 -53.79 -55.08 -56.35 -57.6 -58.83 -60.04 -61.23 -62.4 -63.55 -64.68 -65.79 -66.88 -67.95 -69 -70.03 -71.04 -72.03 -73 -73.95 -74.88 -75.79 -76.68 -77.55 -78.4 -79.23 -80.04 -80.83 -81.6 -82.35 -83.08 -83.79 -84.48 -85.15 -85.8 -86.43 -87.04 -87.63 -88.2 -88.75 -89.28 -89.79 -90.28 -90.75 -91.2 -91.63 -92.04 -92.43 -92.8 -93.15 -93.48 -93.79 -94.08 -94.35 -94.6 -94.83 -95.04 -95.23 -95.4 -95.55 -95.68 -95.79 -95.88 -95.95 -96 -96.03 -96.04 -96.03 -96 -95.95 -95.88 -95.79 -95.68 -95.55 -95.4 -95.23 -95.04 -94.83 -94.6 -94.35 -94.08 -93.79 -93.48 -93.15 -92.8 -92.43 -92.04 -91.63 -91.2 -90.75 -90.28 -89.79 -89.28 -88.75 -88.2 -87.63 -87.04 -86.43 -85.8 -85.15 -84.48 -83.79 -83.08 -82.35 -81.6 -80.83 -80.04 -79.23 -78.4 -77.55 -76.68 -75.79 -74.88 -73.95 -73 -72.03 -71.04 -70.03 -69 -67.95 -66.88 -65.79 -64.68 -63.55 -62.4 -61.23 -60.04 -58.83 -57.6 -56.35 -55.08 -53.79 -52.48 -51.15 -49.8 -48.43 -47.04 -45.63 -44.2 -42.75 -41.28 -39.79 -38.28 -36.75 -35.2 -33.63 -32.04 -30.43 -28.8 -27.15 -25.48 -23.79 -22.08 -20.35 -18.6 -16.83 -15.04 -13.23 -11.4 -9.55 -7.68 -5.79 -3.88 -1.95 0 1.97 
5.91 3.92 1.95 0 -1.93 -3.84 -5.73 -7.6 -9.45 -11.28 -13.09 -14.88 -16.65 -18.4 -20.13 -21.84 -23.53 -25.2 -26.85 -28.48 -30.09 -31.68 -33.25 -34.8 -36.33 -37.84 -39.33 -40.8 -42.25 -43.68 -45.09 -46.48 -47.85 -49.2 -50.53 -51.84 -53.13 -54.4 -55.65 -56.88 -58.09 -59.28 -60.45 -61.6 -62.73 -63.84 -64.93 -66 -67.05 -68.08 -69.09 -70.08 -71.05 -72 -72.93 -73.84 -74.73 -75.6 -76.45 -77.28 -78.09 -78.88 -79.65 -80.4 -81.13 -81.84 -82.53 -83.2 -83.85 -84.48 -85.09 -85.68 -86.25 -86.8 -87.33 -87.84 -88.33 -88.8 -89.25 -89.68 -90.09 -90.48 -90.85 -91.2 -91.53 -91.84 -92.13 -92.4 -92.65 -92.88 -93.09 -93.28 -93.45 -93.6 -93.73 -93.84 -93.93 -94 -94.05 -94.08 -94.09 -94.08 -94.05 -94 -93.93 -93.84 -93.73 -93.6 -93.45 -93.28 -93.09 -92.88 -92.65 -92.4 -92.13 -91.84 -91.53 -91.2 -90.85 -90.48 -90.09 -89.68 -89.25 -88.8 -88.33 -87.84 -87.33 -86.8 -86.25 -85.68 -85.09 -84.48 -83.85 -83.2 -82.53 -81.84 -81.13 -80.4 -79.65 -78.88 -78.09 -77.28 -76.45 -75.6 -74.73 -73.84 -72.93 -72 -71.05 -70.08 -69.09 -68.08 -67.05 -66 -64.93 -63.84 -62.73 -61.6 -60.45 -59.28 -58.09 -56.88 -55.65 -54.4 -53.13 -51.84 -50.53 -49.2 -47.85 -46.48 -45.09 -43.68 -42.25 -40.8 -39.33 -37.84 -36.33 -34.8 -33.25 -31.68 -30.09 -28.48 -26.85 -25.2 -23.53 -21.84 -20.13 -18.4 -16.65 -14.88 -13.09 -11.28 -9.45 -7.6 -5.73 -3.84 -1.93 3.44585e-014 1.95 3.92 
7.84 5.85 3.88 1.93 0 -1.91 -3.8 -5.67 -7.52 -9.35 -11.16 -12.95 -14.72 -16.47 -18.2 -19.91 -21.6 -23.27 -24.92 -26.55 -28.16 -29.75 -31.32 -32.87 -34.4 -35.91 -37.4 -38.87 -40.32 -41.75 -43.16 -44.55 -45.92 -47.27 -48.6 -49.91 -51.2 -52.47 -53.72 -54.95 -56.16 -57.35 -58.52 -59.67 -60.8 -61.91 -63 -64.07 -65.12 -66.15 -67.16 -68.15 -69.12 -70.07 -71 -71.91 -72.8 -73.67 -74.52 -75.35 -76.16 -76.95 -77.72 -78.47 -79.2 -79.91 -80.6 -81.27 -81.92 -82.55 -83.16 -83.75 -84.32 -84.87 -85.4 -85.91 -86.4 -86.87 -87.32 -87.75 -88.16 -88.55 -88.92 -89.27 -89.6 -89.91 -90.2 -90.47 -90.72 -90.95 -91.16 -91.35 -91.52 -91.67 -91.8 -91.91 -92 -92.07 -92.12 -92.15 -92.16 -92.15 -92.12 -92.07 -92 -91.91 -91.8 -91.67 -91.52 -91.35 -91.16 -90.95 -90.72 -90.47 -90.2 -89.91 -89.6 -89.27 -88.92 -88.55 -88.16 -87.75 -87.32 -86.87 -86.4 -85.91 -85.4 -84.87 -84.32 -83.75 -83.16 -82.55 -81.92 -81.27 -80.6 -79.91 -79.2 -78.47 -77.72 -76.95 -76.16 -75.35 -74.52 -73.67 -72.8 -71.91 -71 -70.07 -69.12 -68.15 -67.16 -66.15 -65.12 -64.07 -63 -61.91 -60.8 -59.67 -58.52 -57.35 -56.16 -54.95 -53.72 -52.47 -51.2 -49.91 -48.6 -47.27 -45.92 -44.55 -43.16 -41.75 -40.32 -38.87 -37.4 -35.91 -34.4 -32.87 -31.32 -29.75 -28.16 -26.55 -24.92 -23.27 -21.6 -19.91 -18.2 -16.47 -14.72 -12.95 -11.16 -9.35 -7.52 -5.67 -3.8 -1.91 3.41116e-014 1.93 3.88 5.85 
9.75 7.76 5.79 3.84 1.91 0 -1.89 -3.76 -5.61 -7.44 -9.25 -11.04 -12.81 -14.56 -16.29 -18 -19.69 -21.36 -23.01 -24.64 -26.25 -27.84 -29.41 -30.96 -32.49 -34 -35.49 -36.96 -38.41 -39.84 -41.25 -42.64 -44.01 -45.36 -46.69 -48 -49.29 -50.56 -51.81 -53.04 -54.25 -55.44 -56.61 -57.76 -58.89 -60 -61.09 -62.16 -63.21 -64.24 -65.25 -66.24 -67.21 -68.16 -69.09 -70 -70.89 -71.76 -72.61 -73.44 -74.25 -75.04 -75.81 -76.56 -77.29 -78 -78.69 -79.36 -80.01 -80.64 -81.25 -81.84 -82.41 -82.96 -83.49 -84 -84.49 -84.96 -85.41 -85.84 -86.25 -86.64 -87.01 -87.36 -87.69 -88 -88.29 -88.56 -88.81 -89.04 -89.25 -89.44 -89.61 -89.76 -89.89 -90 -90.09 -90.16 -90.21 -90.24 -90.25 -90.24 -90.21 -90.16 -90.09 -90 -89.89 -89.76 -89.61 -89.44 -89.25 -89.04 -88.81 -88.56 -88.29 -88 -87.69 -87.36 -87.01 -86.64 -86.25 -85.84 -85.41 -84.96 -84.49 -84 -83.49 -82.96 -82.41 -81.84 -81.25 -80.64 -80.01 -79.36 -78.69 -78 -77.29 -76.56 -75.81 -75.04 -74.25 -73.44 -72.61 -71.76 -70.89 -70 -69.09 -68.16 -67.21 -66.24 -65.25 -64.24 -63.21 -62.16 -61.09 -60 -58.89 -57.76 -56.61 -55.44 -54.25 -53.04 -51.81 -50.56 -49.29 -48 -46.69 -45.36 -44.01 -42.64 -41.25 -39.84 -38.41 -36.96 -35.49 -34 -32.49 -30.96 -29.41 -27.84 -26.25 -24.64 -23.01 -21.36 -19.69 -18 -16.29 -14.56 -12.81 -11.04 -9.25 -7.44 -5.61 -3.76 -1.89 3.37508e-014 1.91 3.84 5.79 7.76 
11.64 9.65 7.68 5.73 3.8 1.89 0 -1.87 -3.72 -5.55 -7.36 -9.15 -10.92 -12.67 -14.4 -16.11 -17.8 -19.47 -21.12 -22.75 -24.36 -25.95 -27.52 -29.07 -30.6 -32.11 -33.6 -35.07 -36.52 -37.95 -39.36 -40.75 -42.12 -43.47 -44.8 -46.11 -47.4 -48.67 -49.92 -51.15 -52.36 -53.55 -54.72 -55.87 -57 -58.11 -59.2 -60.27 -61.32 -62.35 -63.36 -64.35 -65.32 -66.27 -67.2 -68.11 -69 -69.87 -70.72 -71.55 -72.36 -73.15 -73.92 -74.67 -75.4 -76.11 -76.8 -77.47 -78.12 -78.75 -79.36 -79.95 -80.52 -81.07 -81.6 -82.11 -82.6 -83.07 -83.52 -83.95 -84.36 -84.75 -85.12 -85.47 -85.8 -86.11 -86.4 -86.67 -86.92 -87.15 -87.36 -87.55 -87.72 -87.87 -88 -88.11 -88.2 -88.27 -88.32 -88.35 -88.36 -88.35 -88.32 -88.27 -88.2 -88.11 -88 -87.87 -87.72 -87.55 -87.36 -87.15 -86.92 -86.67 -86.4 -86.11 -85.8 -85.47 -85.12 -84.75 -84.36 -83.95 -83.52 -83.07 -82.6 -82.11 -81.6 -81.07 -80.52 -79.95 -79.36 -78.75 -78.12 -77.47 -76.8 -76.11 -75.4 -74.67 -73.92 -73.15 -72.36 -71.55 -70.72 -69.87 -69 -68.11 -67.2 -66.27 -65.32 -64.35 -63.36 -62.35 -61.32 -60.27 -59.2 -58.11 -57 -55.87 -54.72 -53.55 -52.36 -51.15 -49.92 -48.67 -47.4 -46.11 -44.8 -43.47 -42.12 -40.75 -39.36 -37.95 -36.52 -35.07 -33.6 -32.11 -30.6 -29.07 -27.52 -25.95 -24.36 -22.75 -21.12 -19.47 -17.8 -16.11 -14.4 -12.67 -10.92 -9.15 -7.36 -5.55 -3.72 -1.87 0 1.89 3.8 5.73 7.68 9.65 
13.51 11.52 9.55 7.6 5.67 3.76 1.87 0 -1.85 -3.68 -5.49 -7.28 -9.05 -10.8 -12.53 -14.24 -15.93 -17.6 -19.25 -20.88 -22.49 -24.08 -25.65 -27.2 -28.73 -30.24 -31.73 -33.2 -34.65 -36.08 -37.49 -38.88 -40.25 -41.6 -42.93 -44.24 -45.53 -46.8 -48.05 -49.28 -50.49 -51.68 -52.85 -54 -55.13 -56.24 -57.33 -58.4 -59.45 -60.48 -61.49 -62.48 -63.45 -64.4 -65.33 -66.24 -67.13 -68 -68.85 -69.68 -70.49 -71.28 -72.05 -72.8 -73.53 -74.24 -74.93 -75.6 -76.25 -76.88 -77.49 -78.08 -78.65 -79.2 -79.73 -80.24 -80.73 -81.2 -81.65 -82.08 -82.49 -82.88 -83.25 -83.6 -83.93 -84.24 -84.53 -84.8 -85.05 -85.28 -85.49 -85.68 -85.85 -86 -86.13 -86.24 -86.33 -86.4 -86.45 -86.48 -86.49 -86.48 -86.45 -86.4 -86.33 -86.24 -86.13 -86 -85.85 -85.68 -85.49 -85.28 -85.05 -84.8 -84.53 -84.24 -83.93 -83.6 -83.25 -82.88 -82.49 -82.08 -81.65 -81.2 -80.73 -80.24 -79.73 -79.2 -78.65 -78.08 -77.49 -76.88 -76.25 -75.6 -74.93 -74.24 -73.53 -72.8 -72.05 -71.28 -70.49 -69.68 -68.85 -68 -67.13 -66.24 -65.33 -64.4 -63.45 -62.48 -61.49 -60.48 -59.45 -58.4 -57.33 -56.24 -55.13 -54 -52.85 -51.68 -50.49 -49.28 -48.05 -46.8 -45.53 -44.24 -42.93 -41.6 -40.25 -38.88 -37.49 -36.08 -34.65 -33.2 -31.73 -30.24 -28.73 -27.2 -25.65 -24.08 -22.49 -20.88 -19.25 -17.6 -15.93 -14.24 -12.53 -10.8 -9.05 -7.28 -5.49 -3.68 -1.85 0 1.87 3.76 5.67 7.6 9.55 11.52 
15.36 13.37 11.4 9.45 7.52 5.61 3.72 1.85 0 -1.83 -3.64 -5.43 -7.2 -8.95 -10.68 -12.39 -14.08 -15.75 -17.4 -19.03 -20.64 -22.23 -23.8 -25.35 -26.88 -28.39 -29.88 -31.35 -32.8 -34.23 -35.64 -37.03 -38.4 -39.75 -41.08 -42.39 -43.68 -44.95 -46.2 -47.43 -48.64 -49.83 -51 -52.15 -53.28 -54.39 -55.48 -56.55 -57.6 -58.63 -59.64 -60.63 -61.6 -62.55 -63.48 -64.39 -65.28 -66.15 -67 -67.83 -68.64 -69.43 -70.2 -70.95 -71.68 -72.39 -73.08 -73.75 -74.4 -75.03 -75.64 -76.23 -76.8 -77.35 -77.88 -78.39 -78.88 -79.35 -79.8 -80.23 -80.64 -81.03 -81.4 -81.75 -82.08 -82.39 -82.68 -82.95 -83.2 -83.43 -83.64 -83.83 -84 -84.15 -84.28 -84.39 -84.48 -84.55 -84.6 -84.63 -84.64 -84.63 -84.6 -84.55 -84.48 -84.39 -84.28 -84.15 -84 -83.83 -83.64 -83.43 -83.2 -82.95 -82.68 -82.39 -82.08 -81.75 -81.4 -81.03 -80.64 -80.23 -79.8 -79.35 -78.88 -78.39 -77.88 -77.35 -76.8 -76.23 -75.64 -75.03 -74.4 -73.75 -73.08 -72.39 -71.68 -70.95 -70.2 -69.43 -68.64 -67.83 -67 -66.15 -65.28 -64.39 -63.48 -62.55 -61.6 -60.63 -59.64 -58.63 -57.6 -56.55 -55.48 -54.39 -53.28 -52.15 -51 -49.83 -48.64 -47.43 -46.2 -44.95 -43.68 -42.39 -41.08 -39.75 -38.4 -37.03 -35.64 -34.23 -32.8 -31.35 -29.88 -28.39 -26.88 -25.35 -23.8 -22.23 -20.64 -19.03 -17.4 -15.75 -14.08 -12.39 -10.68 -8.95 -7.2 -5.43 -3.64 -1.83 3.26822e-014 1.85 3.72 5.61 7.52 9.45 11.4 13.37 
17.19 15.2 13.23 11.28 9.35 7.44 5.55 3.68 1.83 0 -1.81 -3.6 -5.37 -7.12 -8.85 -10.56 -12.25 -13.92 -15.57 -17.2 -18.81 -20.4 -21.97 -23.52 -25.05 -26.56 -28.05 -29.52 -30.97 -32.4 -33.81 -35.2 -36.57 -37.92 -39.25 -40.56 -41.85 -43.12 -44.37 -45.6 -46.81 -48 -49.17 -50.32 -51.45 -52.56 -53.65 -54.72 -55.77 -56.8 -57.81 -58.8 -59.77 -60.72 -61.65 -62.56 -63.45 -64.32 -65.17 -66 -66.81 -67.6 -68.37 -69.12 -69.85 -70.56 -71.25 -71.92 -72.57 -73.2 -73.81 -74.4 -74.97 -75.52 -76.05 -76.56 -77.05 -77.52 -77.97 -78.4 -78.81 -79.2 -79.57 -79.92 -80.25 -80.56 -80.85 -81.12 -81.37 -81.6 -81.81 -82 -82.17 -82.32 -82.45 -82.56 -82.65 -82.72 -82.77 -82.8 -82.81 -82.8 -82.77 -82.72 -82.65 -82.56 -82.45 -82.32 -82.17 -82 -81.81 -81.6 -81.37 -81.12 -80.85 -80.56 -80.25 -79.92 -79.57 -79.2 -78.81 -78.4 -77.97 -77.52 -77.05 -76.56 -76.05 -75.52 -74.97 -74.4 -73.81 -73.2 -72.57 -71.92 -71.25 -70.56 -69.85 -69.12 -68.37 -67.6 -66.81 -66 -65.17 -64.32 -63.45 -62.56 -61.65 -60.72 -59.77 -58.8 -57.81 -56.8 -55.77 -54.72 -53.65 -52.56 -51.45 -50.32 -49.17 -48 -46.81 -45.6 -44.37 -43.12 -41.85 -40.56 -39.25 -37.92 -36.57 -35.2 -33.81 -32.4 -30.97 -29.52 -28.05 -26.56 -25.05 -23.52 -21.97 -20.4 -18.81 -17.2 -15.57 -13.92 -12.25 -10.56 -8.85 -7.12 -5.37 -3.6 -1.81 3.23352e-014 1.83 3.68 5.55 7.44 9.35 11.28 13.23 15.2 
19 17.01 15.04 13.09 11.16 9.25 7.36 5.49 3.64 1.81 0 -1.79 -3.56 -5.31 -7.04 -8.75 -10.44 -12.11 -13.76 -15.39 -17 -18.59 -20.16 -21.71 -23.24 -24.75 -26.24 -27.71 -29.16 -30.59 -32 -33.39 -34.76 -36.11 -37.44 -38.75 -40.04 -41.31 -42.56 -43.79 -45 -46.19 -47.36 -48.51 -49.64 -50.75 -51.84 -52.91 -53.96 -54.99 -56 -56.99 -57.96 -58.91 -59.84 -60.75 -61.64 -62.51 -63.36 -64.19 -65 -65.79 -66.56 -67.31 -68.04 -68.75 -69.44 -70.11 -70.76 -71.39 -72 -72.59 -73.16 -73.71 -74.24 -74.75 -75.24 -75.71 -76.16 -76.59 -77 -77.39 -77.76 -78.11 -78.44 -78.75 -79.04 -79.31 -79.56 -79.79 -80 -80.19 -80.36 -80.51 -80.64 -80.75 -80.84 -80.91 -80.96 -80.99 -81 -80.99 -80.96 -80.91 -80.84 -80.75 -80.64 -80.51 -80.36 -80.19 -80 -79.79 -79.56 -79.31 -79.04 -78.75 -78.44 -78.11 -77.76 -77.39 -77 -76.59 -76.16 -75.71 -75.24 -74.75 -74.24 -73.71 -73.16 -72.59 -72 -71.39 -70.76 -70.11 -69.44 -68.75 -68.04 -67.31 -66.56 -65.79 -65 -64.19 -63.36 -62.51 -61.64 -60.75 -59.84 -58.91 -57.96 -56.99 -56 -54.99 -53.96 -52.91 -51.84 -50.75 -49.64 -48.51 -47.36 -46.19 -45 -43.79 -42.56 -41.31 -40.04 -38.75 -37.44 -36.11 -34.76 -33.39 -32 -30.59 -29.16 -27.71 -26.24 -24.75 -23.24 -21.71 -20.16 -18.59 -17 -15.39 -13.76 -12.11 -10.44 -8.75 -7.04 -5.31 -3.56 -1.79 3.19744e-014 1.81 3.64 5.49 7.36 9.25 11.16 13.09 15.04 17.01 
20.79 18.8 16.83 14.88 12.95 11.04 9.15 7.28 5.43 3.6 1.79 0 -1.77 -3.52 -5.25 -6.96 -8.65 -10.32 -11.97 -13.6 -15.21 -16.8 -18.37 -19.92 -21.45 -22.96 -24.45 -25.92 -27.37 -28.8 -30.21 -31.6 -32.97 -34.32 -35.65 -36.96 -38.25 -39.52 -40.77 -42 -43.21 -44.4 -45.57 -46.72 -47.85 -48.96 -50.05 -51.12 -52.17 -53.2 -54.21 -55.2 -56.17 -57.12 -58.05 -58.96 -59.85 -60.72 -61.57 -62.4 -63.21 -64 -64.77 -65.52 -66.25 -66.96 -67.65 -68.32 -68.97 -69.6 -70.21 -70.8 -71.37 -71.92 -72.45 -72.96 -73.45 -73.92 -74.37 -74.8 -75.21 -75.6 -75.97 -76.32 -76.65 -76.96 -77.25 -77.52 -77.77 -78 -78.21 -78.4 -78.57 -78.72 -78.85 -78.96 -79.05 -79.12 -79.17 -79.2 -79.21 -79.2 -79.17 -79.12 -79.05 -78.96 -78.85 -78.72 -78.57 -78.4 -78.21 -78 -77.77 -77.52 -77.25 -76.96 -76.65 -76.32 -75.97 -75.6 -75.21 -74.8 -74.37 -73.92 -73.45 -72.96 -72.45 -71.92 -71.37 -70.8 -70.21 -69.6 -68.97 -68.32 -67.65 -66.96 -66.25 -65.52 -64.77 -64 -63.21 -62.4 -61.57 -60.72 -59.85 -58.96 -58.05 -57.12 -56.17 -55.2 -54.21 -53.2 -52.17 -51.12 -50.05 -48.96 -47.85 -46.72 -45.57 -44.4 -43.21 -42 -40.77 -39.52 -38.25 -36.96 -35.65 -34.32 -32.97 -31.6 -30.21 -28.8 -27.37 -25.92 -24.45 -22.96 -21.45 -19.92 -18.37 -16.8 -15.21 -13.6 -11.97 -10.32 -8.65 -6.96 -5.25 -3.52 -1.77 0 1.79 3.6 5.43 7.28 9.15 11.04 12.95 14.88 16.83 18.8 
22.56 20.57 18.6 16.65 14.72 12.81 10.92 9.05 7.2 5.37 3.56 1.77 0 -1.75 -3.48 -5.19 -6.88 -8.55 -10.2 -11.83 -13.44 -15.03 -16.6 -18.15 -19.68 -21.19 -22.68 -24.15 -25.6 -27.03 -28.44 -29.83 -31.2 -32.55 -33.88 -35.19 -36.48 -37.75 -39 -40.23 -41.44 -42.63 -43.8 -44.95 -46.08 -47.19 -48.28 -49.35 -50.4 -51.43 -52.44 -53.43 -54.4 -55.35 -56.28 -57.19 -58.08 -58.95 -59.8 -60.63 -61.44 -62.23 -63 -63.75 -64.48 -65.19 -65.88 -66.55 -67.2 -67.83 -68.44 -69.03 -69.6 -70.15 -70.68 -71.19 -71.68 -72.15 -72.6 -73.03 -73.44 -73.83 -74.2 -74.55 -74.88 -75.19 -75.48 -75.75 -76 -76.23 -76.44 -76.63 -76.8 -76.95 -77.08 -77.19 -77.28 -77.35 -77.4 -77.43 -77.44 -77.43 -77.4 -77.35 -77.28 -77.19 -77.08 -76.95 -76.8 -76.63 -76.44 -76.23 -76 -75.75 -75.48 -75.19 -74.88 -74.55 -74.2 -73.83 -73.44 -73.03 -72.6 -72.15 -71.68 -71.19 -70.68 -70.15 -69.6 -69.03 -68.44 -67.83 -67.2 -66.55 -65.88 -65.19 -64.48 -63.75 -63 -62.23 -61.44 -60.63 -59.8 -58.95 -58.08 -57.19 -56.28 -55.35 -54.4 -53.43 -52.44 -51.43 -50.4 -49.35 -48.28 -47.19 -46.08 -44.95 -43.8 -42.63 -41.44 -40.23 -39 -37.75 -36.48 -35.19 -33.88 -32.55 -31.2 -29.83 -28.44 -27.03 -25.6 -24.15 -22.68 -21.19 -19.68 -18.15 -16.6 -15.03 -13.44 -11.83 -10.2 -8.55 -6.88 -5.19 -3.48 -1.75 0 1.77 3.56 5.37 7.2 9.05 10.92 12.81 14.72 16.65 18.6 20.57 
24.31 22.32 20.35 18.4 16.47 14.56 12.67 10.8 8.95 7.12 5.31 3.52 1.75 0 -1.73 -3.44 -5.13 -6.8 -8.45 -10.08 -11.69 -13.28 -14.85 -16.4 -17.93 -19.44 -20.93 -22.4 -23.85 -25.28 -26.69 -28.08 -29.45 -30.8 -32.13 -33.44 -34.73 -36 -37.25 -38.48 -39.69 -40.88 -42.05 -43.2 -44.33 -45.44 -46.53 -47.6 -48.65 -49.68 -50.69 -51.68 -52.65 -53.6 -54.53 -55.44 -56.33 -57.2 -58.05 -58.88 -59.69 -60.48 -61.25 -62 -62.73 -63.44 -64.13 -64.8 -65.45 -66.08 -66.69 -67.28 -67.85 -68.4 -68.93 -69.44 -69.93 -70.4 -70.85 -71.28 -71.69 -72.08 -72.45 -72.8 -73.13 -73.44 -73.73 -74 -74.25 -74.48 -74.69 -74.88 -75.05 -75.2 -75.33 -75.44 -75.53 -75.6 -75.65 -75.68 -75.69 -75.68 -75.65 -75.6 -75.53 -75.44 -75.33 -75.2 -75.05 -74.88 -74.69 -74.48 -74.25 -74 -73.73 -73.44 -73.13 -72.8 -72.45 -72.08 -71.69 -71.28 -70.85 -70.4 -69.93 -69.44 -68.93 -68.4 -67.85 -67.28 -66.69 -66.08 -65.45 -64.8 -64.13 -63.44 -62.73 -62 -61.25 -60.48 -59.69 -58.88 -58.05 -57.2 -56.33 -55.44 -54.53 -53.6 -52.65 -51.68 -50.69 -49.68 -48.65 -47.6 -46.53 -45.44 -44.33 -43.2 -42.05 -40.88 -39.69 -38.48 -37.25 -36 -34.73 -33.44 -32.13 -30.8 -29.45 -28.08 -26.69 -25.28 -23.85 -22.4 -20.93 -19.44 -17.93 -16.4 -14.85 -13.28 -11.69 -10.08 -8.45 -6.8 -5.13 -3.44 -1.73 3.09058e-014 1.75 3.52 5.31 7.12 8.95 10.8 12.67 14.56 16.47 18.4 20.35 22.32 
26.04 24.05 22.08 20.13 18.2 16.29 14.4 12.53 10.68 8.85 7.04 5.25 3.48 1.73 0 -1.71 -3.4 -5.07 -6.72 -8.35 -9.96 -11.55 -13.12 -14.67 -16.2 -17.71 -19.2 -20.67 -22.12 -23.55 -24.96 -26.35 -27.72 -29.07 -30.4 -31.71 -33 -34.27 -35.52 -36.75 -37.96 -39.15 -40.32 -41.47 -42.6 -43.71 -44.8 -45.87 -46.92 -47.95 -48.96 -49.95 -50.92 -51.87 -52.8 -53.71 -54.6 -55.47 -56.32 -57.15 -57.96 -58.75 -59.52 -60.27 -61 -61.71 -62.4 -63.07 -63.72 -64.35 -64.96 -65.55 -66.12 -66.67 -67.2 -67.71 -68.2 -68.67 -69.12 -69.55 -69.96 -70.35 -70.72 -71.07 -71.4 -71.71 -72 -72.27 -72.52 -72.75 -72.96 -73.15 -73.32 -73.47 -73.6 -73.71 -73.8 -73.87 -73.92 -73.95 -73.96 -73.95 -73.92 -73.87 -73.8 -73.71 -73.6 -73.47 -73.32 -73.15 -72.96 -72.75 -72.52 -72.27 -72 -71.71 -71.4 -71.07 -70.72 -70.35 -69.96 -69.55 -69.12 -68.67 -68.2 -67.71 -67.2 -66.67 -66.12 -65.55 -64.96 -64.35 -63.72 -63.07 -62.4 -61.71 -61 -60.27 -59.52 -58.75 -57.96 -57.15 -56.32 -55.47 -54.6 -53.71 -52.8 -51.87 -50.92 -49.95 -48.96 -47.95 -46.92 -45.87 -44.8 -43.71 -42.6 -41.47 -40.32 -39.15 -37.96 -36.75 -35.52 -34.27 -33 -31.71 -30.4 -29.07 -27.72 -26.35 -24.96 -23.55 -22.12 -20.67 -19.2 -17.71 -16.2 -14.67 -13.12 -11.55 -9.96 -8.35 -6.72 -5.07 -3.4 -1.71 3.05589e-014 1.73 3.48 5.25 7.04 8.85 10.68 12.53 14.4 16.29 18.2 20.13 22.08 24.05 
27.75 25.76 23.79 21.84 19.91 18 16.11 14.24 12.39 10.56 8.75 6.96 5.19 3.44 1.71 0 -1.69 -3.36 -5.01 -6.64 -8.25 -9.84 -11.41 -12.96 -14.49 -16 -17.49 -18.96 -20.41 -21.84 -23.25 -24.64 -26.01 -27.36 -28.69 -30 -31.29 -32.56 -33.81 -35.04 -36.25 -37.44 -38.61 -39.76 -40.89 -42 -43.09 -44.16 -45.21 -46.24 -47.25 -48.24 -49.21 -50.16 -51.09 -52 -52.89 -53.76 -54.61 -55.44 -56.25 -57.04 -57.81 -58.56 -59.29 -60 -60.69 -61.36 -62.01 -62.64 -63.25 -63.84 -64.41 -64.96 -65.49 -66 -66.49 -66.96 -67.41 -67.84 -68.25 -68.64 -69.01 -69.36 -69.69 -70 -70.29 -70.56 -70.81 -71.04 -71.25 -71.44 -71.61 -71.76 -71.89 -72 -72.09 -72.16 -72.21 -72.24 -72.25 -72.24 -72.21 -72.16 -72.09 -72 -71.89 -71.76 -71.61 -71.44 -71.25 -71.04 -70.81 -70.56 -70.29 -70 -69.69 -69.36 -69.01 -68.64 -68.25 -67.84 -67.41 -66.96 -66.49 -66 -65.49 -64.96 -64.41 -63.84 -63.25 -62.64 -62.01 -61.36 -60.69 -60 -59.29 -58.56 -57.81 -57.04 -56.25 -55.44 -54.61 -53.76 -52.89 -52 -51.09 -50.16 -49.21 -48.24 -47.25 -46.24 -45.21 -44.16 -43.09 -42 -40.89 -39.76 -38.61 -37.44 -36.25 -35.04 -33.81 -32.56 -31.29 -30 -28.69 -27.36 -26.01 -24.64 -23.25 -21.84 -20.41 -18.96 -17.49 -16 -14.49 -12.96 -11.41 -9.84 -8.25 -6.64 -5.01 -3.36 -1.69 3.01981e-014 1.71 3.44 5.19 6.96 8.75 10.56 12.39 14.24 16.11 18 19.91 21.84 23.79 25.76 
29.44 27.45 25.48 23.53 21.6 19.69 17.8 15.93 14.08 12.25 10.44 8.65 6.88 5.13 3.4 1.69 0 -1.67 -3.32 -4.95 -6.56 -8.15 -9.72 -11.27 -12.8 -14.31 -15.8 -17.27 -18.72 -20.15 -21.56 -22.95 -24.32 -25.67 -27 -28.31 -29.6 -30.87 -32.12 -33.35 -34.56 -35.75 -36.92 -38.07 -39.2 -40.31 -41.4 -42.47 -43.52 -44.55 -45.56 -46.55 -47.52 -48.47 -49.4 -50.31 -51.2 -52.07 -52.92 -53.75 -54.56 -55.35 -56.12 -56.87 -57.6 -58.31 -59 -59.67 -60.32 -60.95 -61.56 -62.15 -62.72 -63.27 -63.8 -64.31 -64.8 -65.27 -65.72 -66.15 -66.56 -66.95 -67.32 -67.67 -68 -68.31 -68.6 -68.87 -69.12 -69.35 -69.56 -69.75 -69.92 -70.07 -70.2 -70.31 -70.4 -70.47 -70.52 -70.55 -70.56 -70.55 -70.52 -70.47 -70.4 -70.31 -70.2 -70.07 -69.92 -69.75 -69.56 -69.35 -69.12 -68.87 -68.6 -68.31 -68 -67.67 -67.32 -66.95 -66.56 -66.15 -65.72 -65.27 -64.8 -64.31 -63.8 -63.27 -62.72 -62.15 -61.56 -60.95 -60.32 -59.67 -59 -58.31 -57.6 -56.87 -56.12 -55.35 -54.56 -53.75 -52.92 -52.07 -51.2 -50.31 -49.4 -48.47 -47.52 -46.55 -45.56 -44.55 -43.52 -42.47 -41.4 -40.31 -39.2 -38.07 -36.92 -35.75 -34.56 -33.35 -32.12 -30.87 -29.6 -28.31 -27 -25.67 -24.32 -22.95 -21.56 -20.15 -18.72 -17.27 -15.8 -14.31 -12.8 -11.27 -9.72 -8.15 -6.56 -4.95 -3.32 -1.67 0 1.69 3.4 5.13 6.88 8.65 10.44 12.25 14.08 15.93 17.8 19.69 21.6 23.53 25.48 27.45 
31.11 29.12 27.15 25.2 23.27 21.36 19.47 17.6 15.75 13.92 12.11 10.32 8.55 6.8 5.07 3.36 1.67 0 -1.65 -3.28 -4.89 -6.48 -8.05 -9.6 -11.13 -12.64 -14.13 -15.6 -17.05 -18.48 -19.89 -21.28 -22.65 -24 -25.33 -26.64 -27.93 -29.2 -30.45 -31.68 -32.89 -34.08 -35.25 -36.4 -37.53 -38.64 -39.73 -40.8 -41.85 -42.88 -43.89 -44.88 -45.85 -46.8 -47.73 -48.64 -49.53 -50.4 -51.25 -52.08 -52.89 -53.68 -54.45 -55.2 -55.93 -56.64 -57.33 -58 -58.65 -59.28 -59.89 -60.48 -61.05 -61.6 -62.13 -62.64 -63.13 -63.6 -64.05 -64.48 -64.89 -65.28 -65.65 -66 -66.33 -66.64 -66.93 -67.2 -67.45 -67.68 -67.89 -68.08 -68.25 -68.4 -68.53 -68.64 -68.73 -68.8 -68.85 -68.88 -68.89 -68.88 -68.85 -68.8 -68.73 -68.64 -68.53 -68.4 -68.25 -68.08 -67.89 -67.68 -67.45 -67.2 -66.93 -66.64 -66.33 -66 -65.65 -65.28 -64.89 -64.48 -64.05 -63.6 -63.13 -62.64 -62.13 -61.6 -61.05 -60.48 -59.89 -59.28 -58.65 -58 -57.33 -56.64 -55.93 -55.2 -54.45 -53.68 -52.89 -52.08 -51.25 -50.4 -49.53 -48.64 -47.73 -46.8 -45.85 -44.88 -43.89 -42.88 -41.85 -40.8 -39.73 -38.64 -37.53 -36.4 -35.25 -34.08 -32.89 -31.68 -30.45 -29.2 -27.93 -26.64 -25.33 -24 -22.65 -21.28 -19.89 -18.48 -17.05 -15.6 -14.13 -12.64 -11.13 -9.6 -8.05 -6.48 -4.89 -3.28 -1.65 0 1.67 3.36 5.07 6.8 8.55 10.32 12.11 13.92 15.75 17.6 19.47 21.36 23.27 25.2 27.15 29.12 
32.76 30.77 28.8 26.85 24.92 23.01 21.12 19.25 17.4 15.57 13.76 11.97 10.2 8.45 6.72 5.01 3.32 1.65 0 -1.63 -3.24 -4.83 -6.4 -7.95 -9.48 -10.99 -12.48 -13.95 -15.4 -16.83 -18.24 -19.63 -21 -22.35 -23.68 -24.99 -26.28 -27.55 -28.8 -30.03 -31.24 -32.43 -33.6 -34.75 -35.88 -36.99 -38.08 -39.15 -40.2 -41.23 -42.24 -43.23 -44.2 -45.15 -46.08 -46.99 -47.88 -48.75 -49.6 -50.43 -51.24 -52.03 -52.8 -53.55 -54.28 -54.99 -55.68 -56.35 -57 -57.63 -58.24 -58.83 -59.4 -59.95 -60.48 -60.99 -61.48 -61.95 -62.4 -62.83 -63.24 -63.63 -64 -64.35 -64.68 -64.99 -65.28 -65.55 -65.8 -66.03 -66.24 -66.43 -66.6 -66.75 -66.88 -66.99 -67.08 -67.15 -67.2 -67.23 -67.24 -67.23 -67.2 -67.15 -67.08 -66.99 -66.88 -66.75 -66.6 -66.43 -66.24 -66.03 -65.8 -65.55 -65.28 -64.99 -64.68 -64.35 -64 -63.63 -63.24 -62.83 -62.4 -61.95 -61.48 -60.99 -60.48 -59.95 -59.4 -58.83 -58.24 -57.63 -57 -56.35 -55.68 -54.99 -54.28 -53.55 -52.8 -52.03 -51.24 -50.43 -49.6 -48.75 -47.88 -46.99 -46.08 -45.15 -44.2 -43.23 -42.24 -41.23 -40.2 -39.15 -38.08 -36.99 -35.88 -34.75 -33.6 -32.43 -31.24 -30.03 -28.8 -27.55 -26.28 -24.99 -23.68 -22.35 -21 -19.63 -18.24 -16.83 -15.4 -13.95 -12.48 -10.99 -9.48 -7.95 -6.4 -4.83 -3.24 -1.63 2.91295e-014 1.65 3.32 5.01 6.72 8.45 10.2 11.97 13.76 15.57 17.4 19.25 21.12 23.01 24.92 26.85 28.8 30.77 
34.39 32.4 30.43 28.48 26.55 24.64 22.75 20.88 19.03 17.2 15.39 13.6 11.83 10.08 8.35 6.64 4.95 3.28 1.63 0 -1.61 -3.2 -4.77 -6.32 -7.85 -9.36 -10.85 -12.32 -13.77 -15.2 -16.61 -18 -19.37 -20.72 -22.05 -23.36 -24.65 -25.92 -27.17 -28.4 -29.61 -30.8 -31.97 -33.12 -34.25 -35.36 -36.45 -37.52 -38.57 -39.6 -40.61 -41.6 -42.57 -43.52 -44.45 -45.36 -46.25 -47.12 -47.97 -48.8 -49.61 -50.4 -51.17 -51.92 -52.65 -53.36 -54.05 -54.72 -55.37 -56 -56.61 -57.2 -57.77 -58.32 -58.85 -59.36 -59.85 -60.32 -60.77 -61.2 -61.61 -62 -62.37 -62.72 -63.05 -63.36 -63.65 -63.92 -64.17 -64.4 -64.61 -64.8 -64.97 -65.12 -65.25 -65.36 -65.45 -65.52 -65.57 -65.6 -65.61 -65.6 -65.57 -65.52 -65.45 -65.36 -65.25 -65.12 -64.97 -64.8 -64.61 -64.4 -64.17 -63.92 -63.65 -63.36 -63.05 -62.72 -62.37 -62 -61.61 -61.2 -60.77 -60.32 -59.85 -59.36 -58.85 -58.32 -57.77 -57.2 -56.61 -56 -55.37 -54.72 -54.05 -53.36 -52.65 -51.92 -51.17 -50.4 -49.61 -48.8 -47.97 -47.12 -46.25 -45.36 -44.45 -43.52 -42.57 -41.6 -40.61 -39.6 -38.57 -37.52 -36.45 -35.36 -34.25 -33.12 -31.97 -30.8 -29.61 -28.4 -27.17 -25.92 -24.65 -23.36 -22.05 -20.72 -19.37 -18 -16.61 -15.2 -13.77 -12.32 -10.85 -9.36 -7.85 -6.32 -4.77 -3.2 -1.61 2.87825e-014 1.63 3.28 4.95 6.64 8.35 10.08 11.83 13.6 15.39 17.2 19.03 20.88 22.75 24.64 26.55 28.48 30.43 32.4 
36 34.01 32.04 30.09 28.16 26.25 24.36 22.49 20.64 18.81 17 15.21 13.44 11.69 9.96 8.25 6.56 4.89 3.24 1.61 0 -1.59 -3.16 -4.71 -6.24 -7.75 -9.24 -10.71 -12.16 -13.59 -15 -16.39 -17.76 -19.11 -20.44 -21.75 -23.04 -24.31 -25.56 -26.79 -28 -29.19 -30.36 -31.51 -32.64 -33.75 -34.84 -35.91 -36.96 -37.99 -39 -39.99 -40.96 -41.91 -42.84 -43.75 -44.64 -45.51 -46.36 -47.19 -48 -48.79 -49.56 -50.31 -51.04 -51.75 -52.44 -53.11 -53.76 -54.39 -55 -55.59 -56.16 -56.71 -57.24 -57.75 -58.24 -58.71 -59.16 -59.59 -60 -60.39 -60.76 -61.11 -61.44 -61.75 -62.04 -62.31 -62.56 -62.79 -63 -63.19 -63.36 -63.51 -63.64 -63.75 -63.84 -63.91 -63.96 -63.99 -64 -63.99 -63.96 -63.91 -63.84 -63.75 -63.64 -63.51 -63.36 -63.19 -63 -62.79 -62.56 -62.31 -62.04 -61.75 -61.44 -61.11 -60.76 -60.39 -60 -59.59 -59.16 -58.71 -58.24 -57.75 -57.24 -56.71 -56.16 -55.59 -55 -54.39 -53.76 -53.11 -52.44 -51.75 -51.04 -50.31 -49.56 -48.79 -48 -47.19 -46.36 -45.51 -44.64 -43.75 -42.84 -41.91 -40.96 -39.99 -39 -37.99 -36.96 -35.91 -34.84 -33.75 -32.64 -31.51 -30.36 -29.19 -28 -26.79 -25.56 -24.31 -23.04 -21.75 -20.44 -19.11 -17.76 -16.39 -15 -13.59 -12.16 -10.71 -9.24 -7.75 -6.24 -4.71 -3.16 -1.59 2.84217e-014 1.61 3.24 4.89 6.56 8.25 9.96 11.69 13.44 15.21 17 18.81 20.64 22.49 24.36 26.25 28.16 30.09 32.04 34.01 
37.59 35.6 33.63 31.68 29.75 27.84 25.95 24.08 22.23 20.4 18.59 16.8 15.03 13.28 11.55 9.84 8.15 6.48 4.83 3.2 1.59 0 -1.57 -3.12 -4.65 -6.16 -7.65 -9.12 -10.57 -12 -13.41 -14.8 -16.17 -17.52 -18.85 -20.16 -21.45 -22.72 -23.97 -25.2 -26.41 -27.6 -28.77 -29.92 -31.05 -32.16 -33.25 -34.32 -35.37 -36.4 -37.41 -38.4 -39.37 -40.32 -41.25 -42.16 -43.05 -43.92 -44.77 -45.6 -46.41 -47.2 -47.97 -48.72 -49.45 -50.16 -50.85 -51.52 -52.17 -52.8 -53.41 -54 -54.57 -55.12 -55.65 -56.16 -56.65 -57.12 -57.57 -58 -58.41 -58.8 -59.17 -59.52 -59.85 -60.16 -60.45 -60.72 -60.97 -61.2 -61.41 -61.6 -61.77 -61.92 -62.05 -62.16 -62.25 -62.32 -62.37 -62.4 -62.41 -62.4 -62.37 -62.32 -62.25 -62.16 -62.05 -61.92 -61.77 -61.6 -61.41 -61.2 -60.97 -60.72 -60.45 -60.16 -59.85 -59.52 -59.17 -58.8 -58.41 -58 -57.57 -57.12 -56.65 -56.16 -55.65 -55.12 -54.57 -54 -53.41 -52.8 -52.17 -51.52 -50.85 -50.16 -49.45 -48.72 -47.97 -47.2 -46.41 -45.6 -44.77 -43.92 -43.05 -42.16 -41.25 -40.32 -39.37 -38.4 -37.41 -36.4 -35.37 -34.32 -33.25 -32.16 -31.05 -29.92 -28.77 -27.6 -26.41 -25.2 -23.97 -22.72 -21.45 -20.16 -18.85 -17.52 -16.17 -14.8 -13.41 -12 -10.57 -9.12 -7.65 -6.16 -4.65 -3.12 -1.57 2.80678e-014 1.59 3.2 4.83 6.48 8.15 9.84 11.55 13.28 15.03 16.8 18.59 20.4 22.23 24.08 25.95 27.84 29.75 31.68 33.63 35.6 
39.16 37.17 35.2 33.25 31.32 29.41 27.52 25.65 23.8 21.97 20.16 18.37 16.6 14.85 13.12 11.41 9.72 8.05 6.4 4.77 3.16 1.57 0 -1.55 -3.08 -4.59 -6.08 -7.55 -9 -10.43 -11.84 -13.23 -14.6 -15.95 -17.28 -18.59 -19.88 -21.15 -22.4 -23.63 -24.84 -26.03 -27.2 -28.35 -29.48 -30.59 -31.68 -32.75 -33.8 -34.83 -35.84 -36.83 -37.8 -38.75 -39.68 -40.59 -41.48 -42.35 -43.2 -44.03 -44.84 -45.63 -46.4 -47.15 -47.88 -48.59 -49.28 -49.95 -50.6 -51.23 -51.84 -52.43 -53 -53.55 -54.08 -54.59 -55.08 -55.55 -56 -56.43 -56.84 -57.23 -57.6 -57.95 -58.28 -58.59 -58.88 -59.15 -59.4 -59.63 -59.84 -60.03 -60.2 -60.35 -60.48 -60.59 -60.68 -60.75 -60.8 -60.83 -60.84 -60.83 -60.8 -60.75 -60.68 -60.59 -60.48 -60.35 -60.2 -60.03 -59.84 -59.63 -59.4 -59.15 -58.88 -58.59 -58.28 -57.95 -57.6 -57.23 -56.84 -56.43 -56 -55.55 -55.08 -54.59 -54.08 -53.55 -53 -52.43 -51.84 -51.23 -50.6 -49.95 -49.28 -48.59 -47.88 -47.15 -46.4 -45.63 -44.84 -44.03 -43.2 -42.35 -41.48 -40.59 -39.68 -38.75 -37.8 -36.83 -35.84 -34.83 -33.8 -32.75 -31.68 -30.59 -29.48 -28.35 -27.2 -26.03 -24.84 -23.63 -22.4 -21.15 -19.88 -18.59 -17.28 -15.95 -14.6 -13.23 -11.84 -10.43 -9 -7.55 -6.08 -4.59 -3.08 -1.55 1.3857e-014 1.57 3.16 4.77 6.4 8.05 9.72 11.41 13.12 14.85 16.6 18.37 20.16 21.97 23.8 25.65 27.52 29.41 31.32 33.25 35.2 37.17 
40.71 38.72 36.75 34.8 32.87 30.96 29.07 27.2 25.35 23.52 21.71 19.92 18.15 16.4 14.67 12.96 11.27 9.6 7.95 6.32 4.71 3.12 1.55 0 -1.53 -3.04 -4.53 -6 -7.45 -8.88 -10.29 -11.68 -13.05 -14.4 -15.73 -17.04 -18.33 -19.6 -20.85 -22.08 -23.29 -24.48 -25.65 -26.8 -27.93 -29.04 -30.13 -31.2 -32.25 -33.28 -34.29 -35.28 -36.25 -37.2 -38.13 -39.04 -39.93 -40.8 -41.65 -42.48 -43.29 -44.08 -44.85 -45.6 -46.33 -47.04 -47.73 -48.4 -49.05 -49.68 -50.29 -50.88 -51.45 -52 -52.53 -53.04 -53.53 -54 -54.45 -54.88 -55.29 -55.68 -56.05 -56.4 -56.73 -57.04 -57.33 -57.6 -57.85 -58.08 -58.29 -58.48 -58.65 -58.8 -58.93 -59.04 -59.13 -59.2 -59.25 -59.28 -59.29 -59.28 -59.25 -59.2 -59.13 -59.04 -58.93 -58.8 -58.65 -58.48 -58.29 -58.08 -57.85 -57.6 -57.33 -57.04 -56.73 -56.4 -56.05 -55.68 -55.29 -54.88 -54.45 -54 -53.53 -53.04 -52.53 -52 -51.45 -50.88 -50.29 -49.68 -49.05 -48.4 -47.73 -47.04 -46.33 -45.6 -44.85 -44.08 -43.29 -42.48 -41.65 -40.8 -39.93 -39.04 -38.13 -37.2 -36.25 -35.28 -34.29 -33.28 -32.25 -31.2 -30.13 -29.04 -27.93 -26.8 -25.65 -24.48 -23.29 -22.08 -20.85 -19.6 -18.33 -17.04 -15.73 -14.4 -13.05 -11.68 -10.29 -8.88 -7.45 -6 -4.53 -3.04 -1.53 1.368e-014 1.55 3.12 4.71 6.32 7.95 9.6 11.27 12.96 14.67 16.4 18.15 19.92 21.71 23.52 25.35 27.2 29.07 30.96 32.87 34.8 36.75 38.72 
42.24 40.25 38.28 36.33 34.4 32.49 30.6 28.73 26.88 25.05 23.24 21.45 19.68 17.93 16.2 14.49 12.8 11.13 9.48 7.85 6.24 4.65 3.08 1.53 0 -1.51 -3 -4.47 -5.92 -7.35 -8.76 -10.15 -11.52 -12.87 -14.2 -15.51 -16.8 -18.07 -19.32 -20.55 -21.76 -22.95 -24.12 -25.27 -26.4 -27.51 -28.6 -29.67 -30.72 -31.75 -32.76 -33.75 -34.72 -35.67 -36.6 -37.51 -38.4 -39.27 -40.12 -40.95 -41.76 -42.55 -43.32 -44.07 -44.8 -45.51 -46.2 -46.87 -47.52 -48.15 -48.76 -49.35 -49.92 -50.47 -51 -51.51 -52 -52.47 -52.92 -53.35 -53.76 -54.15 -54.52 -54.87 -55.2 -55.51 -55.8 -56.07 -56.32 -56.55 -56.76 -56.95 -57.12 -57.27 -57.4 -57.51 -57.6 -57.67 -57.72 -57.75 -57.76 -57.75 -57.72 -57.67 -57.6 -57.51 -57.4 -57.27 -57.12 -56.95 -56.76 -56.55 -56.32 -56.07 -55.8 -55.51 -55.2 -54.87 -54.52 -54.15 -53.76 -53.35 -52.92 -52.47 -52 -51.51 -51 -50.47 -49.92 -49.35 -48.76 -48.15 -47.52 -46.87 -46.2 -45.51 -44.8 -44.07 -43.32 -42.55 -41.76 -40.95 -40.12 -39.27 -38.4 -37.51 -36.6 -35.67 -34.72 -33.75 -32.76 -31.75 -30.72 -29.67 -28.6 -27.51 -26.4 -25.27 -24.12 -22.95 -21.76 -20.55 -19.32 -18.07 -16.8 -15.51 -14.2 -12.87 -11.52 -10.15 -8.76 -7.35 -5.92 -4.47 -3 -1.51 2.69992e-014 1.53 3.08 4.65 6.24 7.85 9.48 11.13 12.8 14.49 16.2 17.93 19.68 21.45 23.24 25.05 26.88 28.73 30.6 32.49 34.4 36.33 38.28 40.25 
43.75 41.76 39.79 37.84 35.91 34 32.11 30.24 28.39 26.56 24.75 22.96 21.19 19.44 17.71 16 14.31 12.64 10.99 9.36 7.75 6.16 4.59 3.04 1.51 0 -1.49 -2.96 -4.41 -5.84 -7.25 -8.64 -10.01 -11.36 -12.69 -14 -15.29 -16.56 -17.81 -19.04 -20.25 -21.44 -22.61 -23.76 -24.89 -26 -27.09 -28.16 -29.21 -30.24 -31.25 -32.24 -33.21 -34.16 -35.09 -36 -36.89 -37.76 -38.61 -39.44 -40.25 -41.04 -41.81 -42.56 -43.29 -44 -44.69 -45.36 -46.01 -46.64 -47.25 -47.84 -48.41 -48.96 -49.49 -50 -50.49 -50.96 -51.41 -51.84 -52.25 -52.64 -53.01 -53.36 -53.69 -54 -54.29 -54.56 -54.81 -55.04 -55.25 -55.44 -55.61 -55.76 -55.89 -56 -56.09 -56.16 -56.21 -56.24 -56.25 -56.24 -56.21 -56.16 -56.09 -56 -55.89 -55.76 -55.61 -55.44 -55.25 -55.04 -54.81 -54.56 -54.29 -54 -53.69 -53.36 -53.01 -52.64 -52.25 -51.84 -51.41 -50.96 -50.49 -50 -49.49 -48.96 -48.41 -47.84 -47.25 -46.64 -46.01 -45.36 -44.69 -44 -43.29 -42.56 -41.81 -41.04 -40.25 -39.44 -38.61 -37.76 -36.89 -36 -35.09 -34.16 -33.21 -32.24 -31.25 -30.24 -29.21 -28.16 -27.09 -26 -24.89 -23.76 -22.61 -21.44 -20.25 -19.04 -17.81 -16.56 -15.29 -14 -12.69 -11.36 -10.01 -8.64 -7.25 -5.84 -4.41 -2.96 -1.49 1.33227e-014 1.51 3.04 4.59 6.16 7.75 9.36 10.99 12.64 14.31 16 17.71 19.44 21.19 22.96 24.75 26.56 28.39 30.24 32.11 34 35.91 37.84 39.79 41.76 
45.24 43.25 41.28 39.33 37.4 35.49 33.6 31.73 29.88 28.05 26.24 24.45 22.68 20.93 19.2 17.49 15.8 14.13 12.48 10.85 9.24 7.65 6.08 4.53 3 1.49 0 -1.47 -2.92 -4.35 -5.76 -7.15 -8.52 -9.87 -11.2 -12.51 -13.8 -15.07 -16.32 -17.55 -18.76 -19.95 -21.12 -22.27 -23.4 -24.51 -25.6 -26.67 -27.72 -28.75 -29.76 -30.75 -31.72 -32.67 -33.6 -34.51 -35.4 -36.27 -37.12 -37.95 -38.76 -39.55 -40.32 -41.07 -41.8 -42.51 -43.2 -43.87 -44.52 -45.15 -45.76 -46.35 -46.92 -47.47 -48 -48.51 -49 -49.47 -49.92 -50.35 -50.76 -51.15 -51.52 -51.87 -52.2 -52.51 -52.8 -53.07 -53.32 -53.55 -53.76 -53.95 -54.12 -54.27 -54.4 -54.51 -54.6 -54.67 -54.72 -54.75 -54.76 -54.75 -54.72 -54.67 -54.6 -54.51 -54.4 -54.27 -54.12 -53.95 -53.76 -53.55 -53.32 -53.07 -52.8 -52.51 -52.2 -51.87 -51.52 -51.15 -50.76 -50.35 -49.92 -49.47 -49 -48.51 -48 -47.47 -46.92 -46.35 -45.76 -45.15 -44.52 -43.87 -43.2 -42.51 -41.8 -41.07 -40.32 -39.55 -38.76 -37.95 -37.12 -36.27 -35.4 -34.51 -33.6 -32.67 -31.72 -30.75 -29.76 -28.75 -27.72 -26.67 -25.6 -24.51 -23.4 -22.27 -21.12 -19.95 -18.76 -17.55 -16.32 -15.07 -13.8 -12.51 -11.2 -9.87 -8.52 -7.15 -5.76 -4.35 -2.92 -1.47 2.62915e-014 1.49 3 4.53 6.08 7.65 9.24 10.85 12.48 14.13 15.8 17.49 19.2 20.93 22.68 24.45 26.24 28.05 29.88 31.73 33.6 35.49 37.4 39.33 41.28 43.25 
46.71 44.72 42.75 40.8 38.87 36.96 35.07 33.2 31.35 29.52 27.71 25.92 24.15 22.4 20.67 18.96 17.27 15.6 13.95 12.32 10.71 9.12 7.55 6 4.47 2.96 1.47 0 -1.45 -2.88 -4.29 -5.68 -7.05 -8.4 -9.73 -11.04 -12.33 -13.6 -14.85 -16.08 -17.29 -18.48 -19.65 -20.8 -21.93 -23.04 -24.13 -25.2 -26.25 -27.28 -28.29 -29.28 -30.25 -31.2 -32.13 -33.04 -33.93 -34.8 -35.65 -36.48 -37.29 -38.08 -38.85 -39.6 -40.33 -41.04 -41.73 -42.4 -43.05 -43.68 -44.29 -44.88 -45.45 -46 -46.53 -47.04 -47.53 -48 -48.45 -48.88 -49.29 -49.68 -50.05 -50.4 -50.73 -51.04 -51.33 -51.6 -51.85 -52.08 -52.29 -52.48 -52.65 -52.8 -52.93 -53.04 -53.13 -53.2 -53.25 -53.28 -53.29 -53.28 -53.25 -53.2 -53.13 -53.04 -52.93 -52.8 -52.65 -52.48 -52.29 -52.08 -51.85 -51.6 -51.33 -51.04 -50.73 -50.4 -50.05 -49.68 -49.29 -48.88 -48.45 -48 -47.53 -47.04 -46.53 -46 -45.45 -44.88 -44.29 -43.68 -43.05 -42.4 -41.73 -41.04 -40.33 -39.6 -38.85 -38.08 -37.29 -36.48 -35.65 -34.8 -33.93 -33.04 -32.13 -31.2 -30.25 -29.28 -28.29 -27.28 -26.25 -25.2 -24.13 -23.04 -21.93 -20.8 -19.65 -18.48 -17.29 -16.08 -14.85 -13.6 -12.33 -11.04 -9.73 -8.4 -7.05 -5.68 -4.29 -2.88 -1.45 1.29688e-014 1.47 2.96 4.47 6 7.55 9.12 10.71 12.32 13.95 15.6 17.27 18.96 20.67 22.4 24.15 25.92 27.71 29.52 31.35 33.2 35.07 36.96 38.87 40.8 42.75 44.72 
48.16 46.17 44.2 42.25 40.32 38.41 36.52 34.65 32.8 30.97 29.16 27.37 25.6 23.85 22.12 20.41 18.72 17.05 15.4 13.77 12.16 10.57 9 7.45 5.92 4.41 2.92 1.45 0 -1.43 -2.84 -4.23 -5.6 -6.95 -8.28 -9.59 -10.88 -12.15 -13.4 -14.63 -15.84 -17.03 -18.2 -19.35 -20.48 -21.59 -22.68 -23.75 -24.8 -25.83 -26.84 -27.83 -28.8 -29.75 -30.68 -31.59 -32.48 -33.35 -34.2 -35.03 -35.84 -36.63 -37.4 -38.15 -38.88 -39.59 -40.28 -40.95 -41.6 -42.23 -42.84 -43.43 -44 -44.55 -45.08 -45.59 -46.08 -46.55 -47 -47.43 -47.84 -48.23 -48.6 -48.95 -49.28 -49.59 -49.88 -50.15 -50.4 -50.63 -50.84 -51.03 -51.2 -51.35 -51.48 -51.59 -51.68 -51.75 -51.8 -51.83 -51.84 -51.83 -51.8 -51.75 -51.68 -51.59 -51.48 -51.35 -51.2 -51.03 -50.84 -50.63 -50.4 -50.15 -49.88 -49.59 -49.28 -48.95 -48.6 -48.23 -47.84 -47.43 -47 -46.55 -46.08 -45.59 -45.08 -44.55 -44 -43.43 -42.84 -42.23 -41.6 -40.95 -40.28 -39.59 -38.88 -38.15 -37.4 -36.63 -35.84 -35.03 -34.2 -33.35 -32.48 -31.59 -30.68 -29.75 -28.8 -27.83 -26.84 -25.83 -24.8 -23.75 -22.68 -21.59 -20.48 -19.35 -18.2 -17.03 -15.84 -14.63 -13.4 -12.15 -10.88 -9.59 -8.28 -6.95 -5.6 -4.23 -2.84 -1.43 1.27919e-014 1.45 2.92 4.41 5.92 7.45 9 10.57 12.16 13.77 15.4 17.05 18.72 20.41 22.12 23.85 25.6 27.37 29.16 30.97 32.8 34.65 36.52 38.41 40.32 42.25 44.2 46.17 
49.59 47.6 45.63 43.68 41.75 39.84 37.95 36.08 34.23 32.4 30.59 28.8 27.03 25.28 23.55 21.84 20.15 18.48 16.83 15.2 13.59 12 10.43 8.88 7.35 5.84 4.35 2.88 1.43 0 -1.41 -2.8 -4.17 -5.52 -6.85 -8.16 -9.45 -10.72 -11.97 -13.2 -14.41 -15.6 -16.77 -17.92 -19.05 -20.16 -21.25 -22.32 -23.37 -24.4 -25.41 -26.4 -27.37 -28.32 -29.25 -30.16 -31.05 -31.92 -32.77 -33.6 -34.41 -35.2 -35.97 -36.72 -37.45 -38.16 -38.85 -39.52 -40.17 -40.8 -41.41 -42 -42.57 -43.12 -43.65 -44.16 -44.65 -45.12 -45.57 -46 -46.41 -46.8 -47.17 -47.52 -47.85 -48.16 -48.45 -48.72 -48.97 -49.2 -49.41 -49.6 -49.77 -49.92 -50.05 -50.16 -50.25 -50.32 -50.37 -50.4 -50.41 -50.4 -50.37 -50.32 -50.25 -50.16 -50.05 -49.92 -49.77 -49.6 -49.41 -49.2 -48.97 -48.72 -48.45 -48.16 -47.85 -47.52 -47.17 -46.8 -46.41 -46 -45.57 -45.12 -44.65 -44.16 -43.65 -43.12 -42.57 -42 -41.41 -40.8 -40.17 -39.52 -38.85 -38.16 -37.45 -36.72 -35.97 -35.2 -34.41 -33.6 -32.77 -31.92 -31.05 -30.16 -29.25 -28.32 -27.37 -26.4 -25.41 -24.4 -23.37 -22.32 -21.25 -20.16 -19.05 -17.92 -16.77 -15.6 -14.41 -13.2 -11.97 -10.72 -9.45 -8.16 -6.85 -5.52 -4.17 -2.8 -1.41 1.26114e-014 1.43 2.88 4.35 5.84 7.35 8.88 10.43 12 13.59 15.2 16.83 18.48 20.15 21.84 23.55 25.28 27.03 28.8 30.59 32.4 34.23 36.08 37.95 39.84 41.75 43.68 45.63 47.6 
